   2.6896000e+00
   3.8797620e-01
   6.7788913e-02
   1.0016118e-01
   1.0000000e+02
   2.6896000e+00
   5.5730600e-01
   2.9080591e-01
   9.1476610e-02
   1.0000000e+02
   2.8133200e+00
   6.3780400e-01
   6.8027919e-01
   5.7897075e-01
   1.0000000e+02
   2.8133200e+00
   6.3780400e-01
   5.8420521e-01
   3.9047559e-01
   1.0000000e+02
   2.8133200e+00
   7.2993000e-01
   5.5163582e-01
   1.4018753e-01
   1.0000000e+02
   2.8133200e+00
   7.2993000e-01
   7.2993000e-01
   1.0035027e+00
   1.0000000e+02
   2.8133200e+00
   7.2993000e-01
   7.2993000e-01
   5.6452367e-01
   1.0000000e+02
   2.6896000e+00
   1.0546364e+00
   1.5738382e-01
   9.7814327e-02
   1.0000000e+02
   2.8133200e+00
   1.1250205e+00
   1.8723182e-01
   2.3252640e-02
   1.0000000e+02
   2.8133200e+00
   1.1165444e+00
   1.7640891e-01
   3.4237838e-02
   1.0000000e+02
   2.8133200e+00
   1.1906562e+00
   2.9385068e-01
   3.8398859e-02
   1.0000000e+02
   2.8133200e+00
   1.5067915e+00
   1.4500113e-01
   3.1335461e-02
   1.0000000e+02
   2.8133200e+00
   6.3780400e-01
   4.3020959e-01
   2.9360913e-02
   1.0000000e+02
