0.222514E-11
0.222514E-11
0.222514E-11
0.222514E-11
0.222514E-11
0.222514E-11
0.222514E-11
0.222513E-11
0.222499E-11
0.222357E-11
0.220955E-11
0.207800E-11
0.129499E-11
0.296658E-12
0.355057E-13
0.246383E-14
0.396441E-15
0.243105E-15
0.500099E-15
0.222225E-15
0.247031E-14
0.671164E-16
0.902547E-18
0.508604E-18
0.508574E-18
0.653811E-18
0.141965E-16
0.115603E-12
0.174377E-11
0.126389E-12
0.161267E-13
0.603286E-15
0.297173E-16
0.267851E-16
0.267797E-16
0.267800E-16
0.268882E-16
0.269033E-16
0.267883E-16
0.267796E-16
0.267795E-16
0.267795E-16
0.279481E-16
0.270228E-16
0.267920E-16
0.267797E-16
0.267807E-16
0.268148E-16
0.418108E-12
0.391854E-13
0.537374E-14
0.761641E-15
0.119270E-15
0.341525E-16
0.271617E-16
0.269235E-16
0.267799E-16
0.267799E-16
0.300919E-13
         NaN
