0.185527E-11
0.192846E-11
0.199315E-11
0.259868E-11
0.265158E-11
0.265608E-11
0.265652E-11
0.265656E-11
0.265657E-11
0.265657E-11
0.265657E-11
0.265657E-11
0.265657E-11
0.265657E-11
0.265657E-11
0.265657E-11
0.265657E-11
0.265657E-11
0.265657E-11
0.265657E-11
0.265657E-11
0.265657E-11
0.265657E-11
0.265657E-11
0.265657E-11
0.265657E-11
0.265657E-11
0.265657E-11
0.265657E-11
0.265657E-11
0.265657E-11
0.265657E-11
0.265657E-11
0.265657E-11
0.265657E-11
0.265657E-11
0.265657E-11
0.265657E-11
0.265657E-11
0.265657E-11
0.265657E-11
0.265657E-11
0.265657E-11
0.265657E-11
0.265657E-11
0.265657E-11
0.265657E-11
0.265657E-11
0.265657E-11
0.265657E-11
0.265657E-11
0.265657E-11
0.265657E-11
0.265657E-11
0.265657E-11
0.265657E-11
0.265657E-11
0.265657E-11
0.265657E-11
0.265657E-11
0.265657E-11
0.265657E-11
0.265657E-11
0.265657E-11
0.265657E-11
0.265657E-11
0.265657E-11
0.265657E-11
0.265657E-11
0.265657E-11
0.265657E-11
0.265657E-11
0.265657E-11
0.265657E-11
0.265657E-11
0.265657E-11
0.265657E-11
0.265657E-11
0.265657E-11
0.265657E-11
0.265657E-11
0.265657E-11
0.265657E-11
0.265657E-11
0.265657E-11
0.265657E-11
0.265657E-11
0.265657E-11
