  0.525603E-07  0.187464E-07  0.891127E-08  0.472763E-08  0.272123E-08  0.183590E-08  0.118361E-08  0.832766E-09  0.551015E-09  0.404584E-09  0.296893E-09  0.203382E-09  0.154853E-09  0.118101E-09  0.842343E-10  0.656685E-10  0.517431E-10  0.353217E-10  0.262408E-10  0.229506E-10  0.176926E-10  0.118448E-10  0.859095E-11  0.780000E-11  0.645319E-11  0.440825E-11  0.298118E-11  0.259478E-11
  0.952151E-06  0.618399E-06  0.424160E-06  0.312982E-06  0.237586E-06  0.188149E-06  0.147942E-06  0.116374E-06  0.911592E-07  0.729832E-07  0.578507E-07  0.461004E-07  0.357210E-07  0.269038E-07  0.210312E-07  0.159745E-07  0.120209E-07  0.908375E-08  0.713446E-08  0.527590E-08  0.387593E-08  0.285596E-08  0.214531E-08  0.156333E-08  0.113848E-08  0.832474E-09  0.604359E-09  0.426031E-09
  0.940831E-06  0.604726E-06  0.423258E-06  0.309801E-06  0.243539E-06  0.186117E-06  0.148337E-06  0.115765E-06  0.927302E-07  0.735999E-07  0.573970E-07  0.448215E-07  0.351290E-07  0.269989E-07  0.209877E-07  0.162658E-07  0.119430E-07  0.913976E-08  0.697957E-08  0.521774E-08  0.388147E-08  0.292764E-08  0.210892E-08  0.156772E-08  0.112557E-08  0.825615E-09  0.600000E-09  0.437460E-09
  0.942845E-06  0.606588E-06  0.429467E-06  0.317416E-06  0.242026E-06  0.185357E-06  0.149975E-06  0.116740E-06  0.917551E-07  0.733085E-07  0.582354E-07  0.435062E-07  0.353174E-07  0.270406E-07  0.205990E-07  0.159846E-07  0.122394E-07  0.918460E-08  0.687515E-08  0.510101E-08  0.395055E-08  0.293532E-08  0.211427E-08  0.157672E-08  0.111297E-08  0.833318E-09  0.598731E-09  0.444536E-09
  0.526330E-07  0.185732E-07  0.872541E-08  0.478179E-08  0.271859E-08  0.182762E-08  0.116922E-08  0.838895E-09  0.555657E-09  0.410042E-09  0.298790E-09  0.202106E-09  0.154556E-09  0.115694E-09  0.839042E-10  0.656726E-10  0.512584E-10  0.351083E-10  0.262979E-10  0.230842E-10  0.175478E-10  0.121803E-10  0.861514E-11  0.760377E-11  0.633604E-11  0.443179E-11  0.291435E-11  0.255057E-11
 calculate dB/dt in time domain ...
 calculate Jacobi matrix ...
 calculate Jacobi matrix ...
 calculate Jacobi matrix ...
 calculate Jacobi matrix ...
 calculate Jacobi matrix ...
 done!
 calculate Rp and Rd ...
 calculate matrix A ...
 done!
 奇异值分解 l =            0
 deltam = 
  -9.2156884515778659E-017   1.0297883915386232E-017   1.0579831780744315E-017   1.0011504024056852E-017   6.5866109299750099E-017   4.9031369693091904E-025  -3.4154260495784302E-025  -2.1457510503027084E-026  -7.2091488916140272E-026   9.7019536826485236E-014   9.2448031447734599E-012  -1.8935816672648420E-013  -5.0419534017547818E-013  -5.7805815884132890E-016   1.4304581629360871E-011  -4.7038570577259251E-013  -4.7043510743905422E-013   1.5352182305466472E-013   9.7092930767406876E-014   9.2582629441531234E-012  -1.8924005255975409E-013  -5.0520885473274888E-013  -5.8749550373544621E-016   1.4324710439768175E-011  -4.7099058233060850E-013  -4.7089079423106892E-013   1.5400508784778187E-013   9.7100139392599328E-014   9.2554387068715695E-012  -1.8951393567814535E-013  -5.0493784609789091E-013  -5.7866679022550011E-016   1.4320552197329445E-011  -4.7104473748692403E-013  -4.7109511799507995E-013   1.5371184340018756E-013  -9.1565449105630288E-017   1.0281764710959633E-017   1.0560853083058059E-017   9.9944847175087264E-018   6.5825652758153926E-017   4.9174644946954059E-025  -3.3826704519129414E-025  -1.8736587960205156E-026  -6.9295131035904105E-026
 calculate dB/dt in time domain ...
 calculate Jacobi matrix ...
 calculate Jacobi matrix ...
 calculate Jacobi matrix ...
 calculate Jacobi matrix ...
 calculate Jacobi matrix ...
 done!
 calculate Rp and Rd ...
 calculate matrix A ...
 done!
 奇异值分解 l =            0
 deltam = 
  -9.2156883786970185E-017   1.0297883423050474E-017   1.0579830066211711E-017   1.0011503258868642E-017   6.5866107326206556E-017   3.7715714153087139E-025   1.7294239752097763E-025   2.1575111901588420E-025  -3.9689822378882397E-025   9.7019300494609161E-014   9.2451300698490569E-012  -1.8936088090335656E-013  -5.0421897739794465E-013  -5.7780225886263369E-016   1.4305056949920500E-011  -4.7044030344206921E-013  -4.7040366892214635E-013   1.5355192810605874E-013   9.7092693457532112E-014   9.2578703985401109E-012  -1.8923251343892697E-013  -5.0518429203763892E-013  -5.8844606905501617E-016   1.4324148989607751E-011  -4.7089560904299274E-013  -4.7096885630105206E-013   1.5395145330452833E-013   9.7099907817541245E-014   9.2555056687905926E-012  -1.8951662519842914E-013  -5.0493964030649382E-013  -5.7799119532004317E-016   1.4320637583230862E-011  -4.7108366495399279E-013  -4.7104703123597095E-013   1.5373686523791771E-013  -9.1565448380629312E-017   1.0281764220306673E-017   1.0560851373938433E-017   9.9944839534833549E-018   6.5825650790241556E-017   3.7795688662768148E-025   1.7432572360519152E-025   2.1791232640747551E-025  -3.9761553727719686E-025
