0.379640E-03
0.373224E-03
0.366993E-03
0.355066E-03
0.333159E-03
0.295820E-03
0.239706E-03
0.169803E-03
0.101182E-03
0.491603E-04
0.187209E-04
0.519701E-05
0.920574E-06
0.840068E-07
0.329874E-08
0.370054E-09
0.337860E-09
0.337721E-09
0.337636E-09
0.337466E-09
0.337128E-09
0.336460E-09
0.335161E-09
0.332699E-09
0.328277E-09
0.321186E-09
0.312034E-09
0.302480E-09
0.291274E-09
0.277104E-09
0.255449E-09
0.223857E-09
0.184492E-09
0.164259E-09
0.244923E-09
0.122920E-09
0.339511E-10
0.337283E-10
0.344650E-10
0.414631E-10
0.140885E-09
0.405159E-10
0.339238E-10
0.335192E-10
0.339018E-10
0.399277E-10
0.129786E-09
0.389762E-10
0.337550E-10
0.334445E-10
0.337249E-10
0.380681E-10
0.976077E-10
0.367488E-10
0.335368E-10
0.333450E-10
0.335050E-10
0.359839E-10
0.679232E-10
0.351195E-10
