   1.8300000e+00
   3.1700000e+00
   2.0000000e+00
   2.0400000e+00
   1.5960000e+01
   1.8300000e+00
   2.1700000e+00
   3.0000000e+00
   2.5700000e+00
   1.5430000e+01
   1.8700000e+00
   1.1300000e+00
   2.0000000e+00
   4.1900000e+00
   1.5810000e+01
   1.8700000e+00
   1.1300000e+00
   2.0000000e+00
   4.3700000e+00
   1.5630000e+01
   1.8700000e+00
   1.1300000e+00
   4.0000000e+00
   4.5400000e+00
   1.3460000e+01
   1.8700000e+00
   1.1300000e+00
   2.0000000e+00
   5.5700000e+00
   1.4430000e+01
   1.8700000e+00
   1.1300000e+00
   2.0000000e+00
   3.5000000e+00
   1.6500000e+01
   1.8300000e+00
   4.1700000e+00
   1.0000000e+00
   1.5600000e+00
   1.6440000e+01
   1.8700000e+00
   4.1300000e+00
   1.0000000e+00
   2.6500000e+00
   1.5350000e+01
   1.8700000e+00
   4.1300000e+00
   1.0000000e+00
   2.0300000e+00
   1.5970000e+01
   1.8700000e+00
   4.1300000e+00
   1.0000000e+00
   3.4600000e+00
   1.4540000e+01
   1.8700000e+00
   5.1300000e+00
   1.0000000e+00
   2.2800000e+00
   1.4720000e+01
   1.8700000e+00
   2.1300000e+00
   1.0000000e+00
   1.8800000e+00
   1.8120000e+01
