0.379640E-03
0.373224E-03
0.366993E-03
0.355066E-03
0.333159E-03
0.295820E-03
0.239706E-03
0.169803E-03
0.101182E-03
0.491603E-04
0.187209E-04
0.519701E-05
0.920574E-06
0.840068E-07
0.329874E-08
0.370054E-09
0.337860E-09
0.337721E-09
0.337636E-09
0.337466E-09
0.337128E-09
0.336460E-09
0.335161E-09
0.332699E-09
0.328277E-09
0.321186E-09
0.312034E-09
0.302480E-09
0.291274E-09
0.277104E-09
0.255449E-09
0.223856E-09
0.184498E-09
0.164285E-09
0.244932E-09
0.122939E-09
0.339504E-10
0.337284E-10
0.344687E-10
0.414394E-10
0.141323E-09
0.404334E-10
0.339204E-10
0.335193E-10
0.339024E-10
0.399147E-10
0.129894E-09
0.389769E-10
0.337567E-10
0.334444E-10
0.337258E-10
0.380387E-10
0.976963E-10
0.367787E-10
0.335369E-10
0.333449E-10
0.335063E-10
0.359493E-10
0.680440E-10
0.351227E-10
