0.195226E-05
0.192998E-05
0.190794E-05
0.186471E-05
0.178148E-05
0.162722E-05
0.136159E-05
0.964098E-06
0.503912E-06
0.158924E-06
0.251226E-07
0.359796E-08
0.238896E-08
0.236782E-08
0.236750E-08
0.236707E-08
0.236620E-08
0.236446E-08
0.236098E-08
0.235403E-08
0.234009E-08
0.231219E-08
0.225680E-08
0.215648E-08
0.212296E-08
0.383374E-08
0.701680E-08
0.137959E-07
0.118132E-08
0.630945E-10
0.368748E-10
0.338657E-10
0.313198E-10
0.294364E-10
0.286201E-10
0.275765E-10
0.260659E-10
0.242930E-10
0.224705E-10
0.202135E-10
0.172288E-10
0.170481E-10
0.317761E-10
0.742915E-10
0.101302E-09
0.142498E-09
0.311927E-10
0.123599E-10
0.113441E-10
0.119552E-10
0.218862E-10
0.193662E-09
0.390184E-10
0.126236E-10
0.108133E-10
0.123635E-10
0.384372E-10
0.476745E-09
0.571905E-10
0.130452E-10
