   8.3568167e-02
   9.4292372e-04
   2.3591654e-04
   1.6978313e-04
   1.4618081e-04
   1.1984347e-04
   9.7971149e-05
   7.6121320e-05
   6.2091010e-05
   4.9790823e-05
   4.4516237e-05
   3.6761613e-05
   2.9078914e-05
   2.1638815e-05
   1.7925852e-05
   1.1035967e-05
   5.4394456e-06
   3.0283666e-06
   5.8149770e-06
   1.0302116e-05
   1.1153749e-05
   1.3325643e-05
   1.3447137e-05
   1.0877158e-05
   7.6886475e-06
   4.7169233e-06
   3.0198702e-06
   3.1122476e-06
   4.0198642e-06
   4.0434999e-06
   3.8616735e-06
   4.6871437e-06
   8.6249018e-06
   1.4197979e-05
   1.5761439e-05
   1.2995889e-05
   8.2351501e-06
   4.8866345e-06
   5.7399202e-06
   6.5203032e-06
   4.2086075e-06
   5.6721363e-06
   1.0179438e-05
   8.1791298e-06
   4.0796279e-06
   4.4770303e-06
   3.8660926e-06
   8.7026022e-06
   1.5969776e-05
   1.0335871e-05
   4.0097361e-06
   4.4191148e-06
   8.5300696e-06
   1.4441441e-05
   6.0170869e-06
   5.0352492e-06
   8.3561721e-02
   6.0390627e-04
   2.9053136e-04
   1.1388565e-04
   5.2129269e-05
   4.0000000e-05
   3.0000000e-05
   2.5000000e-05
   1.6587899e-05
   1.7950210e-05
   1.7329024e-05
   1.5752284e-05
   1.4059470e-05
   1.2664146e-05
   1.0845081e-05
   7.3942145e-06
   4.8508892e-06
   4.1555916e-06
   3.9332323e-06
   3.7860006e-06
   4.2751040e-06
   5.5363806e-06
   7.2517742e-06
   9.7144405e-06
   1.1582660e-05
   1.2437638e-05
   1.3330563e-05
   1.4753465e-05
   1.3640232e-05
   1.2351137e-05
   9.7432057e-06
   8.0494007e-06
   6.3867160e-06
   5.4448331e-06
   6.0368467e-06
   7.4550467e-06
   8.3890220e-06
   1.1589576e-05
   1.3670295e-05
   1.4385548e-05
   1.3625295e-05
   9.8895343e-06
   7.0160244e-06
   6.5901364e-06
   8.3370340e-06
   1.0099941e-05
   1.0629161e-05
   6.8331905e-06
   5.5067108e-06
   9.9828929e-06
   1.4102642e-05
   1.0314864e-05
   7.3567929e-06
   7.1773318e-06
   9.5060639e-06
   1.3083227e-05
   8.1534289e-02
   5.0000000e-04
   6.2117503e-05
   4.0000000e-05
   3.0000000e-05
   2.0000000e-05
   1.5701232e-05
   1.2212704e-05
   6.4701735e-06
   5.6880205e-06
   6.7936008e-06
   7.0824793e-06
   7.8930995e-06
   1.0078923e-05
   1.1873948e-05
   1.0879782e-05
   9.8358674e-06
   8.3284552e-06
   7.7467799e-06
   7.4842736e-06
   7.4009436e-06
   8.2363808e-06
   9.7846010e-06
   1.1197126e-05
   1.1682364e-05
   9.6954179e-06
   7.8448462e-06
   6.4502973e-06
   5.5964733e-06
   5.5233129e-06
   5.3713365e-06
   5.0115104e-06
   4.7213829e-06
   4.4093117e-06
   4.4901133e-06
   5.5932583e-06
   6.5548427e-06
   5.8330295e-06
   5.3788269e-06
   6.8747823e-06
   6.8365917e-06
   4.7603320e-06
   4.1682495e-06
   3.6062568e-06
   3.7400273e-06
   5.9750364e-06
   1.0770208e-05
   8.8778196e-06
   6.9916446e-06
   9.2935078e-06
   7.3271495e-06
   6.6281377e-06
   6.0069509e-06
   5.3460676e-06
   6.7584280e-06
   6.2244550e-06
   7.9071521e-02
   5.0000000e-04
   2.0000000e-04
   8.0000000e-05
   2.4825912e-05
   1.9990515e-05
   1.5262184e-05
   1.1250986e-05
   8.4100280e-06
   5.1513151e-06
   4.5863796e-06
   4.8324752e-06
   5.4879811e-06
   5.4058370e-06
   6.1726326e-06
   5.5183629e-06
   5.1722451e-06
   5.0482709e-06
   5.0931711e-06
   5.2410999e-06
   5.2088068e-06
   5.2317236e-06
   5.4439756e-06
   5.7743554e-06
   6.2175490e-06
   6.6269800e-06
   6.4509510e-06
   6.0403276e-06
   7.4687821e-06
   8.0764918e-06
   8.7946837e-06
   7.9133038e-06
   7.0032251e-06
   6.9832038e-06
   6.7457830e-06
   6.2737086e-06
   5.9172815e-06
   7.0214893e-06
   9.7210921e-06
   1.2582662e-05
   1.2063359e-05
   7.3404004e-06
   5.3399554e-06
   4.8187109e-06
   3.4506907e-06
   4.2957432e-06
   6.3338533e-06
   4.1766983e-06
   2.8434951e-06
   4.0353083e-06
   3.7945415e-06
   7.4428083e-06
   5.9542636e-06
   5.0769866e-06
   4.0010158e-06
   1.0332521e-05
   8.0257968e-02
   4.0000000e-04
   2.0000000e-04
   8.0000000e-05
   3.0588212e-05
   2.4730741e-05
   1.6893966e-05
   1.5606246e-05
   1.1742338e-05
   1.0791512e-05
   8.8644024e-06
   6.1487619e-06
   6.0124624e-06
   5.2963699e-06
   5.9286977e-06
   6.1207979e-06
   6.3220887e-06
   6.4145388e-06
   6.4669911e-06
   6.1345072e-06
   6.9276504e-06
   6.2653437e-06
   5.4627107e-06
   4.3913761e-06
   4.5073226e-06
   5.4897408e-06
   6.8532110e-06
   7.1708587e-06
   5.3750795e-06
   5.0257670e-06
   4.7114028e-06
   4.9007072e-06
   5.3581288e-06
   4.9295073e-06
   4.9548551e-06
   5.4948792e-06
   5.6986799e-06
   4.7374677e-06
   4.4163210e-06
   6.5266170e-06
   7.1445381e-06
   4.3437960e-06
   3.3637365e-06
   4.0584938e-06
   6.4437726e-06
   5.8832963e-06
   4.0190949e-06
   4.9263427e-06
   5.5820657e-06
   4.3071491e-06
   6.4468405e-06
   4.8313694e-06
   5.7582580e-06
   4.8881057e-06
   5.1547753e-06
   5.1435705e-06
   8.1892886e-02
   4.0000000e-04
   8.0000000e-05
   1.4766934e-05
   8.5826139e-06
   6.8524099e-06
   4.1595020e-06
   4.4062291e-06
   6.9409549e-06
   8.8930738e-06
   1.0421853e-05
   1.1131961e-05
   1.1599660e-05
   1.2086084e-05
   1.1998103e-05
   1.2263652e-05
   1.0639477e-05
   8.7823509e-06
   6.4257348e-06
   4.7398982e-06
   5.0386009e-06
   4.6930654e-06
   4.7082837e-06
   4.7624128e-06
   4.7800000e-06
   5.6188755e-06
   7.7137397e-06
   1.2084558e-05
   1.5896461e-05
   1.6350123e-05
   1.7043283e-05
   1.4779218e-05
   1.1159955e-05
   8.1876450e-06
   6.4911895e-06
   6.1131999e-06
   5.5451323e-06
   6.2472183e-06
   9.3860992e-06
   1.3045198e-05
   1.3426124e-05
   9.7515764e-06
   7.2073754e-06
   6.0287244e-06
   5.8484171e-06
   9.1118881e-06
   1.1470150e-05
   8.8038960e-06
   6.2338032e-06
   6.0484964e-06
   9.3658502e-06
   1.6680467e-05
   1.1604769e-05
   6.4286937e-06
   6.4464487e-06
   1.1892494e-05
   8.2549914e-02
   4.0000000e-04
   8.0000000e-05
   6.0000000e-05
   4.0000000e-05
   1.5922199e-05
   1.8016379e-05
   1.8054345e-05
   1.8699290e-05
   1.7154073e-05
   1.6037142e-05
   1.3513366e-05
   1.3622521e-05
   1.4515830e-05
   1.4905081e-05
   1.4327403e-05
   1.1432412e-05
   6.6057708e-06
   3.5316695e-06
   3.2533984e-06
   4.2726771e-06
   7.8808572e-06
   1.2739126e-05
   1.6849593e-05
   1.9684337e-05
   1.9714059e-05
   1.6463195e-05
   1.3479669e-05
   1.1098519e-05
   1.0704246e-05
   9.7129309e-06
   8.3257115e-06
   5.9163695e-06
   4.5233456e-06
   7.6275891e-06
   1.2956922e-05
   1.5555185e-05
   1.3046171e-05
   7.9861160e-06
   6.0933853e-06
   5.3572503e-06
   4.0135410e-06
   7.7696055e-06
   1.4739055e-05
   1.5177575e-05
   1.0852812e-05
   8.3235612e-06
   5.5797014e-06
   8.2969429e-06
   1.7877966e-05
   1.6120124e-05
   1.0904841e-05
   6.0610297e-06
   9.3676589e-06
   1.7011662e-05
   7.6109657e-06
   8.3569799e-02
   2.2518743e-04
   1.0850453e-04
   8.0927279e-05
   6.8855602e-05
   5.7312265e-05
   4.8221527e-05
   3.7041136e-05
   2.7940478e-05
   2.2575784e-05
   1.6533364e-05
   1.1670305e-05
   9.0310498e-06
   8.5638081e-06
   8.4911664e-06
   9.1006639e-06
   1.0905383e-05
   1.2776818e-05
   1.3097526e-05
   1.2266440e-05
   1.3386305e-05
   1.3626811e-05
   1.2997485e-05
   1.1017005e-05
   8.8756599e-06
   8.1640149e-06
   8.8009610e-06
   1.0030430e-05
   1.2152246e-05
   1.3928729e-05
   1.7376703e-05
   1.9891729e-05
   2.1427974e-05
   1.9525610e-05
   1.6151440e-05
   1.2092947e-05
   8.8849669e-06
   8.9837741e-06
   1.3102716e-05
   1.8842446e-05
   2.2261461e-05
   2.2218112e-05
   2.1886176e-05
   1.4063889e-05
   9.1174073e-06
   9.4898599e-06
   1.3660089e-05
   1.8442375e-05
   1.6592376e-05
   1.0331553e-05
   8.7623951e-06
   1.5280293e-05
   2.1718061e-05
   1.5440531e-05
   7.9924831e-06
   1.5015553e-05
   8.2296764e-02
   2.1504696e-04
   1.0288783e-04
   7.5626768e-05
   6.3690308e-05
   5.1091928e-05
   4.2881737e-05
   3.5784560e-05
   3.1829429e-05
   2.3958522e-05
   2.1970225e-05
   1.9024809e-05
   1.6307087e-05
   1.3633469e-05
   1.2142216e-05
   1.0894742e-05
   1.1459099e-05
   1.1350671e-05
   1.1563746e-05
   1.0806326e-05
   1.0889165e-05
   9.5939894e-06
   9.4555265e-06
   1.1513298e-05
   1.2380123e-05
   1.1788977e-05
   1.0413060e-05
   1.1234719e-05
   1.1384691e-05
   1.0485302e-05
   9.9295194e-06
   9.6782303e-06
   8.8599782e-06
   6.8148739e-06
   6.2093032e-06
   6.0650738e-06
   6.0644929e-06
   6.4258322e-06
   6.3772539e-06
   6.2025626e-06
   6.5932775e-06
   8.6093397e-06
   1.1625322e-05
   1.4171717e-05
   1.5348226e-05
   1.4817963e-05
   1.0626806e-05
   6.9990168e-06
   6.2246923e-06
   7.8685901e-06
   8.4064176e-06
   7.8356878e-06
   7.2981683e-06
   5.8460232e-06
   7.0679411e-06
   6.7304143e-06
   8.1623769e-02
   2.0742588e-04
   1.2162839e-04
   1.0080986e-04
   8.8071237e-05
   7.2129710e-05
   6.1392093e-05
   5.3443054e-05
   4.3400709e-05
   3.9251503e-05
   3.3535124e-05
   2.7698789e-05
   2.4729161e-05
   2.7081444e-05
   2.8319355e-05
   2.6571279e-05
   2.1419385e-05
   1.4435001e-05
   1.1418922e-05
   1.0056440e-05
   8.8775150e-06
   7.2643860e-06
   6.2549469e-06
   5.9073446e-06
   5.8235689e-06
   5.8737321e-06
   5.5840726e-06
   5.8663543e-06
   6.4093957e-06
   7.1637579e-06
   9.2209466e-06
   1.0558992e-05
   1.0003169e-05
   7.5847009e-06
   6.7629216e-06
   6.5247934e-06
   6.5709056e-06
   6.2480658e-06
   5.7036256e-06
   6.0425859e-06
   5.6720607e-06
   5.7611456e-06
   6.1566986e-06
   5.9612463e-06
   6.2558567e-06
   7.3125746e-06
   6.8930232e-06
   5.9114864e-06
   5.2256146e-06
   5.3021609e-06
   5.9049981e-06
   8.4738324e-06
   1.0646597e-05
   6.8224922e-06
   6.5170975e-06
   5.1819884e-06
   8.0928900e-02
   2.0035825e-04
   1.2220370e-04
   1.0428063e-04
   9.4549996e-05
   8.2256166e-05
   7.1784532e-05
   6.4090384e-05
   5.3652969e-05
   4.6934063e-05
   4.0274251e-05
   3.4454594e-05
   2.9449293e-05
   2.6763485e-05
   2.4787404e-05
   2.0735619e-05
   1.6531111e-05
   1.2260205e-05
   9.0596325e-06
   6.7085838e-06
   6.7280609e-06
   5.8582783e-06
   5.1497096e-06
   5.0775383e-06
   5.9118212e-06
   5.5641860e-06
   5.1965423e-06
   5.9631796e-06
   5.1942825e-06
   4.8507308e-06
   4.6801771e-06
   7.3209077e-06
   1.0898590e-05
   1.3320052e-05
   1.2275457e-05
   1.1675176e-05
   1.0554482e-05
   7.2063203e-06
   4.4395793e-06
   5.3463561e-06
   8.9721015e-06
   1.3430212e-05
   1.2260931e-05
   6.0190584e-06
   5.1616499e-06
   6.1438292e-06
   5.1524170e-06
   4.6813006e-06
   4.4338520e-06
   6.5123636e-06
   6.2288184e-06
   5.4245378e-06
   1.0700257e-05
   1.1746286e-05
   8.7197969e-06
   5.2936751e-06
   8.1478024e-02
   1.3461965e-04
   7.4444830e-05
   5.4887994e-05
   4.5591877e-05
   3.8496165e-05
   3.5331015e-05
   3.1109875e-05
   2.5711037e-05
   2.5989999e-05
   2.3594876e-05
   2.4273189e-05
   2.3515772e-05
   2.2250434e-05
   2.0517596e-05
   1.9308076e-05
   1.7815864e-05
   1.5641280e-05
   1.1464413e-05
   9.5445228e-06
   8.6732745e-06
   7.8740996e-06
   8.7275635e-06
   9.3914562e-06
   8.2510250e-06
   6.0963070e-06
   4.0454617e-06
   5.0997464e-06
   6.2399116e-06
   6.0278433e-06
   6.4704331e-06
   6.8940824e-06
   7.3745763e-06
   7.2691328e-06
   7.1326016e-06
   9.8994610e-06
   1.3365920e-05
   1.1554581e-05
   7.9112331e-06
   6.0545089e-06
   5.1714793e-06
   5.8274157e-06
   6.5037139e-06
   8.4537923e-06
   6.8979630e-06
   4.4038621e-06
   7.5668157e-06
   8.2969710e-06
   5.8928076e-06
   6.4567889e-06
   4.0680175e-06
   4.4641415e-06
   5.5585370e-06
   6.5137721e-06
   1.3470687e-05
   7.6982613e-06
   8.0426341e-02
   5.0474598e-04
   3.0443283e-04
   2.1321466e-04
   1.7679929e-04
   1.4410962e-04
   1.2323424e-04
   1.0577932e-04
   8.9917215e-05
   7.8000114e-05
   7.0354938e-05
   6.0201796e-05
   5.4761038e-05
   4.8885919e-05
   4.4738737e-05
   3.7838216e-05
   3.1458261e-05
   2.4043611e-05
   1.5968943e-05
   1.1739105e-05
   1.1084304e-05
   9.3311181e-06
   7.9618335e-06
   6.2441236e-06
   5.3990654e-06
   4.9783233e-06
   4.4308179e-06
   3.9416201e-06
   5.1034028e-06
   6.9811834e-06
   8.8904920e-06
   9.0098932e-06
   7.5360075e-06
   7.2191094e-06
   6.1310851e-06
   5.9180273e-06
   6.6637923e-06
   6.7490311e-06
   5.2235874e-06
   4.9586125e-06
   5.6363533e-06
   5.1018421e-06
   4.4270830e-06
   5.1020748e-06
   6.0303197e-06
   7.1940314e-06
   7.8368124e-06
   7.8981333e-06
   7.6300052e-06
   7.6740817e-06
   7.3037831e-06
   1.0154540e-05
   9.1981595e-06
   7.2645988e-06
   7.2477347e-06
   6.4993613e-06
